TEMPERATURE_MEAN = 4.17604
TEMPERATURE_STD  = 8.61576
HUMIDITY_MEAN    = 83.68809
HUMIDITY_STD     = 16.23964
