TEMPERATURE_MEAN = 4.02958
TEMPERATURE_STD  = 8.62574
HUMIDITY_MEAN    = 83.57487
HUMIDITY_STD     = 16.48061
