TEMPERATURE_MEAN = 3.18694
TEMPERATURE_STD  = 9.95124
HUMIDITY_MEAN    = 85.48815
HUMIDITY_STD     = 12.51239
