TEMPERATURE_MEAN = 4.19722
TEMPERATURE_STD  = 8.67268
HUMIDITY_MEAN    = 83.38678
HUMIDITY_STD     = 16.3323
