TEMPERATURE_MEAN = 4.36486
TEMPERATURE_STD  = 8.7621
HUMIDITY_MEAN    = 83.68408
HUMIDITY_STD     = 16.09899
