TEMPERATURE_MEAN = 4.49543
TEMPERATURE_STD  = 8.86421
HUMIDITY_MEAN    = 83.52831
HUMIDITY_STD     = 16.15939
